31 21 3 2 8 11 7 5 3 8 4
31 21 3 2 8 11 7 5 4 8 4
31 21 3 2 8 11 7 5 5 8 4
31 21 3 2 8 11 7 6 3 8 4
31 21 3 2 8 11 7 6 4 8 4
31 21 3 2 8 11 7 6 5 8 4
31 21 3 2 8 11 7 7 3 8 4
31 21 3 2 8 11 7 7 4 8 4
31 21 3 2 8 11 7 7 5 8 4
31 21 3 2 8 11 8 5 3 8 4
31 21 3 2 8 11 8 5 4 8 4
31 21 3 2 8 11 8 5 5 8 4
31 21 3 2 8 11 8 6 3 8 4
31 21 3 2 8 11 8 6 4 8 4
31 21 3 2 8 11 8 6 5 8 4
31 21 3 2 8 11 8 7 3 8 4
31 21 3 2 8 11 8 7 4 8 4
31 21 3 2 8 11 8 7 5 8 4
31 21 3 2 8 11 9 5 3 8 4
31 21 3 2 8 11 9 5 4 8 4
31 21 3 2 8 11 9 5 5 8 4
31 21 3 2 8 11 9 6 3 8 4
31 21 3 2 8 11 9 6 4 8 4
31 21 3 2 8 11 9 6 5 8 4
31 21 3 2 8 11 9 7 3 8 4
31 21 3 2 8 11 9 7 4 8 4
31 21 3 2 8 11 9 7 5 8 4
31 21 3 2 9 10 7 5 3 8 4
31 21 3 2 9 10 7 5 4 8 4
31 21 3 2 9 10 7 5 5 8 4
31 21 3 2 9 10 7 6 3 8 4
31 21 3 2 9 10 7 6 4 8 4
31 21 3 2 9 10 7 6 5 8 4
31 21 3 2 9 10 7 7 3 8 4
31 21 3 2 9 10 7 7 4 8 4
31 21 3 2 9 10 7 7 5 8 4
31 21 3 2 9 10 8 5 3 8 4
31 21 3 2 9 10 8 5 4 8 4
31 21 3 2 9 10 8 5 5 8 4
31 21 3 2 9 10 8 6 3 8 4
31 21 3 2 9 10 8 6 4 8 4
31 21 3 2 9 10 8 6 5 8 4
31 21 3 2 9 10 8 7 3 8 4
31 21 3 2 9 10 8 7 4 8 4
31 21 3 2 9 10 8 7 5 8 4
31 21 3 2 9 10 9 5 3 8 4
31 21 3 2 9 10 9 5 4 8 4
31 21 3 2 9 10 9 5 5 8 4
31 21 3 2 9 10 9 6 3 8 4
31 21 3 2 9 10 9 6 4 8 4
31 21 3 2 9 10 9 6 5 8 4
31 21 3 2 9 10 9 7 3 8 4
31 21 3 2 9 10 9 7 4 8 4
31 21 3 2 9 10 9 7 5 8 4
31 21 3 2 10 9 7 5 3 8 4
31 21 3 2 10 9 7 5 4 8 4
31 21 3 2 10 9 7 5 5 8 4
31 21 3 2 10 9 7 6 3 8 4
31 21 3 2 10 9 7 6 4 8 4
31 21 3 2 10 9 7 6 5 8 4
31 21 3 2 10 9 7 7 3 8 4
31 21 3 2 10 9 7 7 4 8 4
31 21 3 2 10 9 7 7 5 8 4
31 21 3 2 10 9 8 5 3 8 4
31 21 3 2 10 9 8 5 4 8 4
31 21 3 2 10 9 8 5 5 8 4
31 21 3 2 10 9 8 6 3 8 4
31 21 3 2 10 9 8 6 4 8 4
31 21 3 2 10 9 8 6 5 8 4
31 21 3 2 10 9 8 7 3 8 4
31 21 3 2 10 9 8 7 4 8 4
31 21 3 2 10 9 8 7 5 8 4
31 21 3 2 10 9 9 5 3 8 4
31 21 3 2 10 9 9 5 4 8 4
31 21 3 2 10 9 9 5 5 8 4
31 21 3 2 10 9 9 6 3 8 4
31 21 3 2 10 9 9 6 4 8 4
31 21 3 2 10 9 9 6 5 8 4
31 21 3 2 10 9 9 7 3 8 4
31 21 3 2 10 9 9 7 4 8 4
31 21 3 2 10 9 9 7 5 8 4
31 21 3 3 8 10 7 5 3 8 4
31 21 3 3 8 10 7 5 4 8 4
31 21 3 3 8 10 7 5 5 8 4
31 21 3 3 8 10 7 6 3 8 4
31 21 3 3 8 10 7 6 4 8 4
31 21 3 3 8 10 7 6 5 8 4
31 21 3 3 8 10 7 7 3 8 4
31 21 3 3 8 10 7 7 4 8 4
31 21 3 3 8 10 7 7 5 8 4
31 21 3 3 8 10 8 5 3 8 4
31 21 3 3 8 10 8 5 4 8 4
31 21 3 3 8 10 8 5 5 8 4
31 21 3 3 8 10 8 6 3 8 4
31 21 3 3 8 10 8 6 4 8 4
31 21 3 3 8 10 8 6 5 8 4
31 21 3 3 8 10 8 7 3 8 4
31 21 3 3 8 10 8 7 4 8 4
31 21 3 3 8 10 8 7 5 8 4
31 21 3 3 8 10 9 5 3 8 4
31 21 3 3 8 10 9 5 4 8 4
31 21 3 3 8 10 9 5 5 8 4
31 21 3 3 8 10 9 6 3 8 4
31 21 3 3 8 10 9 6 4 8 4
31 21 3 3 8 10 9 6 5 8 4
31 21 3 3 8 10 9 7 3 8 4
31 21 3 3 8 10 9 7 4 8 4
31 21 3 3 8 10 9 7 5 8 4
31 21 3 3 9 9 7 5 3 8 4
31 21 3 3 9 9 7 5 4 8 4
31 21 3 3 9 9 7 5 5 8 4
31 21 3 3 9 9 7 6 3 8 4
31 21 3 3 9 9 7 6 4 8 4
31 21 3 3 9 9 7 6 5 8 4
31 21 3 3 9 9 7 7 3 8 4
31 21 3 3 9 9 7 7 4 8 4
31 21 3 3 9 9 7 7 5 8 4
31 21 3 3 9 9 8 5 3 8 4
31 21 3 3 9 9 8 5 4 8 4
31 21 3 3 9 9 8 5 5 8 4
31 21 3 3 9 9 8 6 3 8 4
31 21 3 3 9 9 8 6 4 8 4
31 21 3 3 9 9 8 6 5 8 4
31 21 3 3 9 9 8 7 3 8 4
31 21 3 3 9 9 8 7 4 8 4
31 21 3 3 9 9 8 7 5 8 4
31 21 3 3 9 9 9 5 3 8 4
31 21 3 3 9 9 9 5 4 8 4
31 21 3 3 9 9 9 5 5 8 4
31 21 3 3 9 9 9 6 3 8 4
31 21 3 3 9 9 9 6 4 8 4
31 21 3 3 9 9 9 6 5 8 4
31 21 3 3 9 9 9 7 3 8 4
31 21 3 3 9 9 9 7 4 8 4
31 21 3 3 9 9 9 7 5 8 4
31 21 3 3 10 8 7 5 3 8 4
31 21 3 3 10 8 7 5 4 8 4
31 21 3 3 10 8 7 5 5 8 4
31 21 3 3 10 8 7 6 3 8 4
31 21 3 3 10 8 7 6 4 8 4
31 21 3 3 10 8 7 6 5 8 4
31 21 3 3 10 8 7 7 3 8 4
31 21 3 3 10 8 7 7 4 8 4
31 21 3 3 10 8 7 7 5 8 4
31 21 3 3 10 8 8 5 3 8 4
31 21 3 3 10 8 8 5 4 8 4
31 21 3 3 10 8 8 5 5 8 4
31 21 3 3 10 8 8 6 3 8 4
31 21 3 3 10 8 8 6 4 8 4
31 21 3 3 10 8 8 6 5 8 4
31 21 3 3 10 8 8 7 3 8 4
31 21 3 3 10 8 8 7 4 8 4
31 21 3 3 10 8 8 7 5 8 4
31 21 3 3 10 8 9 5 3 8 4
31 21 3 3 10 8 9 5 4 8 4
31 21 3 3 10 8 9 5 5 8 4
31 21 3 3 10 8 9 6 3 8 4
31 21 3 3 10 8 9 6 4 8 4
31 21 3 3 10 8 9 6 5 8 4
31 21 3 3 10 8 9 7 3 8 4
31 21 3 3 10 8 9 7 4 8 4
31 21 3 3 10 8 9 7 5 8 4
31 21 3 4 8 9 7 5 3 8 4
31 21 3 4 8 9 7 5 4 8 4
31 21 3 4 8 9 7 5 5 8 4
31 21 3 4 8 9 7 6 3 8 4
31 21 3 4 8 9 7 6 4 8 4
31 21 3 4 8 9 7 6 5 8 4
31 21 3 4 8 9 7 7 3 8 4
31 21 3 4 8 9 7 7 4 8 4
31 21 3 4 8 9 7 7 5 8 4
31 21 3 4 8 9 8 5 3 8 4
31 21 3 4 8 9 8 5 4 8 4
31 21 3 4 8 9 8 5 5 8 4
31 21 3 4 8 9 8 6 3 8 4
31 21 3 4 8 9 8 6 4 8 4
31 21 3 4 8 9 8 6 5 8 4
31 21 3 4 8 9 8 7 3 8 4
31 21 3 4 8 9 8 7 4 8 4
31 21 3 4 8 9 8 7 5 8 4
31 21 3 4 8 9 9 5 3 8 4
31 21 3 4 8 9 9 5 4 8 4
31 21 3 4 8 9 9 5 5 8 4
31 21 3 4 8 9 9 6 3 8 4
31 21 3 4 8 9 9 6 4 8 4
31 21 3 4 8 9 9 6 5 8 4
31 21 3 4 8 9 9 7 3 8 4
31 21 3 4 8 9 9 7 4 8 4
31 21 3 4 8 9 9 7 5 8 4
31 21 3 4 9 8 7 5 3 8 4
31 21 3 4 9 8 7 5 4 8 4
31 21 3 4 9 8 7 5 5 8 4
31 21 3 4 9 8 7 6 3 8 4
31 21 3 4 9 8 7 6 4 8 4
31 21 3 4 9 8 7 6 5 8 4
31 21 3 4 9 8 7 7 3 8 4
31 21 3 4 9 8 7 7 4 8 4
31 21 3 4 9 8 7 7 5 8 4
31 21 3 4 9 8 8 5 3 8 4
31 21 3 4 9 8 8 5 4 8 4
31 21 3 4 9 8 8 5 5 8 4
31 21 3 4 9 8 8 6 3 8 4
31 21 3 4 9 8 8 6 4 8 4
31 21 3 4 9 8 8 6 5 8 4
31 21 3 4 9 8 8 7 3 8 4
31 21 3 4 9 8 8 7 4 8 4
31 21 3 4 9 8 8 7 5 8 4
31 21 3 4 9 8 9 5 3 8 4
31 21 3 4 9 8 9 5 4 8 4
31 21 3 4 9 8 9 5 5 8 4
31 21 3 4 9 8 9 6 3 8 4
31 21 3 4 9 8 9 6 4 8 4
31 21 3 4 9 8 9 6 5 8 4
31 21 3 4 9 8 9 7 3 8 4
31 21 3 4 9 8 9 7 4 8 4
31 21 3 4 9 8 9 7 5 8 4
31 21 3 4 10 7 7 5 3 8 4
31 21 3 4 10 7 7 5 4 8 4
31 21 3 4 10 7 7 5 5 8 4
31 21 3 4 10 7 7 6 3 8 4
31 21 3 4 10 7 7 6 4 8 4
31 21 3 4 10 7 7 6 5 8 4
31 21 3 4 10 7 7 7 3 8 4
31 21 3 4 10 7 7 7 4 8 4
31 21 3 4 10 7 7 7 5 8 4
31 21 3 4 10 7 8 5 3 8 4
31 21 3 4 10 7 8 5 4 8 4
31 21 3 4 10 7 8 5 5 8 4
31 21 3 4 10 7 8 6 3 8 4
31 21 3 4 10 7 8 6 4 8 4
31 21 3 4 10 7 8 6 5 8 4
31 21 3 4 10 7 8 7 3 8 4
31 21 3 4 10 7 8 7 4 8 4
31 21 3 4 10 7 8 7 5 8 4
31 21 3 4 10 7 9 5 3 8 4
31 21 3 4 10 7 9 5 4 8 4
31 21 3 4 10 7 9 5 5 8 4
31 21 3 4 10 7 9 6 3 8 4
31 21 3 4 10 7 9 6 4 8 4
31 21 3 4 10 7 9 6 5 8 4
31 21 3 4 10 7 9 7 3 8 4
31 21 3 4 10 7 9 7 4 8 4
31 21 3 4 10 7 9 7 5 8 4
